****************************************************************																																
*   THIS FILE IS GENERATED BY THE SCREEN PAINTER.              *																																
*   NEVER CHANGE IT MANUALLY, PLEASE !                         *																																
****************************************************************																																
%_DYNPRO																																
ZPM_WHYWHY																																
1000																																
740																																
             40																																
%_HEADER																																
ZPM_WHYWHY                              1000 1000     24112192 37  0  0 27120  0G E                              20230207160916																																
%_DESCRIPTION																																
Why Why																																
%_FIELDS																																
LABEL1	0	CHAR	 19	00	00	00	30	00	  1	 80		  0	  0	  0		  0					  0	  0								Report_Date________	                                                                                                                                                                                                                                                        X	
REPORT_DATE	C	CHAR	 14	80	00	80	00	00	  1	100		  0	  0	  0		  0					  0	  0								______________		
LABEL02	0	CHAR	 19	00	00	00	30	00	  3	 10		  0	  0	  0		  0					  0	  0								Area_______________	                                                                                                                                                                                                                                                        X	
AREA	C	CHAR	 14	80	00	80	00	00	  3	 30		  0	  0	  0		  0					  0	  0								______________		
LABEL3	0	CHAR	 19	00	00	00	30	00	  3	 45		  0	  0	  0		  0					  0	  0								EQUIPMENT__________	                                                                                                                                                                                                                                                        X	
EQUIPMENT	C	CHAR	 14	80	00	80	00	00	  3	 65		  0	  0	  0		  0					  0	  0								______________		
LABEL4	0	CHAR	 19	00	00	00	30	00	  3	 80		  0	  0	  0		  0					  0	  0								Subsystem/Component	                                                                                                                                                                                                                                                        X	
SUBSYS_COMP	C	CHAR	 14	80	00	80	00	00	  3	100		  0	  0	  0		  0					  0	  0								______________		
LABEL5	0	CHAR	 34	00	00	00	30	00	  5	 10		  0	  0	  0		  0					  0	  0								Breakdown/_Physical_Phenomenon____		
BRKD_PHYPHENO	C	CHAR	 69	80	00	80	00	00	  5	 45		  0	  0	  0		  0					  0	  0								_____________________________________________________________________		
LABEL06	0	CHAR	 34	00	00	00	30	00	  6	 10		  0	  0	  0		  0					  0	  0								What_is_your_final_action_?_______		
FINAL_ACTION	C	CHAR	 69	80	00	80	00	00	  6	 45		  0	  0	  0		  0					  0	  0								_____________________________________________________________________		
LABEL07	0	CHAR	 34	00	00	00	30	00	  7	 10		  0	  0	  0		  0					  0	  0								After_final_action,_is_it_okay_?__		
RADIO1	C	CHAR	  1	80	00	80	00	00	  7	 59		  0	  0	  0		  0	A				  0	  0	101									
RADIO1	0	CHAR	  9	00	00	00	30	00	  7	 61		  0	  0	  0		  0	A				  0	  0	101							Yes______		
RADIO2	C	CHAR	  1	80	00	80	00	00	  7	 73		  0	  0	  0		  0	A				  0	  0	102									
RADIO2	0	CHAR	  9	00	00	00	30	00	  7	 75		  0	  0	  0		  0	A				  0	  0	102							No_______		
LABEL08	0	CHAR	 18	00	00	00	30	00	  9	 10		  0	  0	  0		  0					  0	  0								Why's_____________		
LABEL09	0	CHAR	 55	00	00	00	30	00	  9	 29		  0	  0	  0		  0					  0	  0								Why_do_you_take_above_action___________________________		
LABEL10	0	CHAR	 29	00	00	00	30	00	  9	 85		  0	  0	  0		  0					  0	  0								Action_______________________		
WHY01	0	CHAR	 18	00	00	00	30	00	 10	 10		  0	  0	  0		  0					  0	  0								Why_1_____________		
WHY1	C	CHAR	 55	80	00	80	00	00	 10	 29		  0	  0	  0		  0					  0	  0								_______________________________________________________		
ACTION01	C	CHAR	 29	80	00	80	00	00	 10	 85		  0	  0	  0		  0					  0	  0								_____________________________		
WHY02	0	CHAR	 18	00	00	00	30	00	 11	 10		  0	  0	  0		  0					  0	  0								Why_2_____________		
WHY2	C	CHAR	 55	80	00	80	00	00	 11	 29		  0	  0	  0		  0					  0	  0								_______________________________________________________		
ACTION02	C	CHAR	 29	80	00	80	00	00	 11	 85		  0	  0	  0		  0					  0	  0								_____________________________		
WHY03	0	CHAR	 18	00	00	00	30	00	 12	 10		  0	  0	  0		  0					  0	  0								Why_3_____________		
WHY3	C	CHAR	 55	80	00	80	00	00	 12	 29		  0	  0	  0		  0					  0	  0								_______________________________________________________		
ACTION03	C	CHAR	 29	80	00	80	00	00	 12	 85		  0	  0	  0		  0					  0	  0								_____________________________		
WHY04	0	CHAR	 18	00	00	00	30	00	 13	 10		  0	  0	  0		  0					  0	  0								Why_4_____________		
WHY4	C	CHAR	 55	80	00	80	00	00	 13	 29		  0	  0	  0		  0					  0	  0								_______________________________________________________		
ACTION04	C	CHAR	 29	80	00	80	00	00	 13	 85		  0	  0	  0		  0					  0	  0								_____________________________		
WHY05	0	CHAR	 18	00	00	00	30	00	 14	 10		  0	  0	  0		  0					  0	  0								Why_5_____________		
WHY5	C	CHAR	 55	80	00	80	00	00	 14	 29		  0	  0	  0		  0					  0	  0								_______________________________________________________		
ACTION05	C	CHAR	 29	80	00	80	00	00	 14	 85		  0	  0	  0		  0					  0	  0								_____________________________		
LBL01	0	CHAR	 46	00	00	00	30	00	 16	 10		  0	  0	  0		  0					  0	  0								Root_cause_is_one_of_the_following_5_items____		
LBL02	0	CHAR	 17	00	00	00	30	00	 16	 57		  0	  0	  0		  0					  0	  0								Action_Planned___		
LBL03	0	CHAR	  9	00	00	00	30	00	 16	 75		  0	  0	  0		  0					  0	  0								AM_/_JH__		
LBL04	0	CHAR	  9	00	00	00	30	00	 16	 85		  0	  0	  0		  0					  0	  0								PM_______		
LBL05	0	CHAR	  9	00	00	00	30	00	 16	 95		  0	  0	  0		  0					  0	  0								Design___		
LBL06	0	CHAR	  9	00	00	00	30	00	 16	105		  0	  0	  0		  0					  0	  0								E&T______		
CHECK01	C	CHAR	  1	80	00	80	00	00	 17	 10		  0	  0	  0		  0	C				  0	  0	103									
CHECK01	0	CHAR	  5	00	00	00	30	00	 17	 12		  0	  0	  0		  0	C				  0	  0	103							1____		
LBL07	0	CHAR	 38	00	00	00	30	00	 17	 18		  0	  0	  0		  0					  0	  0								Poor_basic_condition__________________		
LBL12	0	CHAR	 17	00	00	00	30	00	 17	 57		  0	  0	  0		  0					  0	  0								CLRI_____________		
AMJH01	C	CHAR	  9	80	00	80	00	00	 17	 75		  0	  0	  0		  0					  0	  0								_________		
PM01	C	CHAR	  9	80	00	80	00	00	 17	 85		  0	  0	  0		  0					  0	  0								_________		
DESIGN01	C	CHAR	  9	80	00	80	00	00	 17	 95		  0	  0	  0		  0					  0	  0								_________		
ET01	C	CHAR	  9	80	00	80	00	00	 17	105		  0	  0	  0		  0					  0	  0								_________		
CHECK02	C	CHAR	  1	80	00	80	00	00	 18	 10		  0	  0	  0		  0	C				  0	  0	104									
CHECK02	0	CHAR	  5	00	00	00	30	00	 18	 12		  0	  0	  0		  0	C				  0	  0	104							2____		
LBL08	0	CHAR	 38	00	00	00	30	00	 18	 18		  0	  0	  0		  0					  0	  0								Poor_operating_condition______________		
LBL13	0	CHAR	 17	00	00	00	30	00	 18	 57		  0	  0	  0		  0					  0	  0								OPL,_SOP_________		
AMJH02	C	CHAR	  9	80	00	80	00	00	 18	 75		  0	  0	  0		  0					  0	  0								_________		
PM02	C	CHAR	  9	80	00	80	00	00	 18	 85		  0	  0	  0		  0					  0	  0								_________		
DESIGN02	C	CHAR	  9	80	00	80	00	00	 18	 95		  0	  0	  0		  0					  0	  0								_________		
ET02	C	CHAR	  9	80	00	80	00	00	 18	105		  0	  0	  0		  0					  0	  0								_________		
CHECK03	C	CHAR	  1	80	00	80	00	00	 19	 10		  0	  0	  0		  0	C				  0	  0	105									
CHECK03	0	CHAR	  5	00	00	00	30	00	 19	 12		  0	  0	  0		  0	C				  0	  0	105							3____		
LBL09	0	CHAR	 38	00	00	00	30	00	 19	 18		  0	  0	  0		  0					  0	  0								Deterioration_________________________		
LBL14	0	CHAR	 17	00	00	00	30	00	 19	 57		  0	  0	  0		  0					  0	  0								PM_SCHEDULE______		
AMJH03	C	CHAR	  9	80	00	80	00	00	 19	 75		  0	  0	  0		  0					  0	  0								_________		
PM03	C	CHAR	  9	80	00	80	00	00	 19	 85		  0	  0	  0		  0					  0	  0								_________		
DESIGN03	C	CHAR	  9	80	00	80	00	00	 19	 95		  0	  0	  0		  0					  0	  0								_________		
ET03	C	CHAR	  9	80	00	80	00	00	 19	105		  0	  0	  0		  0					  0	  0								_________		
CHECK04	C	CHAR	  1	80	00	80	00	00	 20	 10		  0	  0	  0		  0	C				  0	  0	106									
CHECK04	0	CHAR	  5	00	00	00	30	00	 20	 12		  0	  0	  0		  0	C				  0	  0	106							4____		
LBL10	0	CHAR	 38	00	00	00	30	00	 20	 18		  0	  0	  0		  0					  0	  0								Weak_Design___________________________		
LBL15	0	CHAR	 17	00	00	00	30	00	 20	 57		  0	  0	  0		  0					  0	  0								Redesign,MP_Sheet		
AMJH04	C	CHAR	  9	80	00	80	00	00	 20	 75		  0	  0	  0		  0					  0	  0								_________		
PM04	C	CHAR	  9	80	00	80	00	00	 20	 85		  0	  0	  0		  0					  0	  0								_________		
DESIGN04	C	CHAR	  9	80	00	80	00	00	 20	 95		  0	  0	  0		  0					  0	  0								_________		
ET04	C	CHAR	  9	80	00	80	00	00	 20	105		  0	  0	  0		  0					  0	  0								_________		
CHECK05	C	CHAR	  1	80	00	80	00	00	 21	 10		  0	  0	  0		  0	C				  0	  0	107									
CHECK05	0	CHAR	  5	00	00	00	30	00	 21	 12		  0	  0	  0		  0	C				  0	  0	107							5____		
LBL11	0	CHAR	 38	00	00	00	30	00	 21	 18		  0	  0	  0		  0					  0	  0								Poor_skill____________________________		
LBL17	0	CHAR	 17	00	00	00	30	00	 21	 57		  0	  0	  0		  0					  0	  0								Training,_OPL____		
AMJH05	C	CHAR	  9	80	00	80	00	00	 21	 75		  0	  0	  0		  0					  0	  0								_________		
PM05	C	CHAR	  9	80	00	80	00	00	 21	 85		  0	  0	  0		  0					  0	  0								_________		
DESIGN05	C	CHAR	  9	80	00	80	00	00	 21	 95		  0	  0	  0		  0					  0	  0								_________		
ET05	C	CHAR	  9	80	00	80	00	00	 21	105		  0	  0	  0		  0					  0	  0								_________		
LBL90	0	CHAR	 22	00	00	00	30	00	 23	 10		  0	  0	  0		  0					  0	  0								Kaizen_Idea_&_Schedule		
TXT01	C	CHAR	104	80	00	80	00	00	 24	 10		  0	  0	  0		  0					  0	  0								________________________________________________________________________________________________________		
		CHAR	 20	80	10	00	00	00	255	  1	O	  0	  0	  0		  0					  0	  0								____________________		
%_FLOWLOGIC																																
PROCESS BEFORE OUTPUT.																																
* MODULE STATUS_1000.																																
*																																
PROCESS AFTER INPUT.																																
* MODULE USER_COMMAND_1000.																																
%_PARAMS																																
																																
